6 0.8609375 0.70390625 0.25 0.28671875
6 0.50703125 0.67109375 0.2734375 0.37890625
3 0.4328125 0.465625 0.0046875 0.0234375
3 0.77421875 0.4625 0.00625 0.0234375
3 0.50625 0.390625 0.003125 0.02109375
3 0.55234375 0.38984375 0.0046875 0.0234375
3 0.59140625 0.390625 0.0046875 0.0234375
1 0.26015625 0.3984375 0.0171875 0.065625
3 0.8265625 0.36171875 0.009375 0.02890625
3 0.86796875 0.34375 0.0109375 0.034375
1 0.37890625 0.33359375 0.009375 0.034375
3 0.9109375 0.3234375 0.0125 0.03671875
1 0.36171875 0.31171875 0.0109375 0.03984375
1 0.33359375 0.2765625 0.0140625 0.04765625