0 0.25390625 0.6234375 0.0671875 0.2
6 0.7953125 0.5265625 0.075 0.03671875
6 0.025 0.5265625 0.05 0.04765625
6 0.66484375 0.52265625 0.0671875 0.04453125
6 0.49921875 0.53671875 0.0578125 0.11015625
3 0.5078125 0.40625 0.003125 0.01875
3 0.47109375 0.40625 0.0046875 0.01875
4 0.428125 0.40625 0.003125 0.01875
3 0.15078125 0.3921875 0.0078125 0.02109375
4 0.6125 0.38125 0.00625 0.02109375
3 0.11796875 0.3828125 0.0078125 0.0234375
3 0.63203125 0.36875 0.0078125 0.0265625
3 0.0703125 0.36875 0.009375 0.0265625
3 0.65234375 0.35234375 0.0078125 0.03125