6 0.91640625 0.53671875 0.1046875 0.05234375
6 0.77109375 0.534375 0.1140625 0.05234375
6 0.496875 0.659375 0.25 0.35
6 0.20234375 0.5171875 0.1078125 0.0921875
3 0.61640625 0.4671875 0.0046875 0.02109375
4 0.35390625 0.465625 0.0046875 0.02109375
3 0.54453125 0.39609375 0.0046875 0.02109375
3 0.5015625 0.39609375 0.003125 0.02109375
3 0.46484375 0.39609375 0.003125 0.02109375
3 0.33046875 0.384375 0.00625 0.0234375
3 0.3125 0.37265625 0.0078125 0.0265625
3 0.29453125 0.3609375 0.0078125 0.02890625