6 0.76875 0.6484375 0.165625 0.2078125
6 0.5015625 0.57109375 0.109375 0.16875
6 0.6203125 0.51015625 0.05625 0.0734375
1 0.41015625 0.45546875 0.00625 0.0265625
3 0.7875 0.45234375 0.009375 0.0265625
1 0.50390625 0.36015625 0.0046875 0.02890625
1 0.56171875 0.359375 0.0046875 0.02890625
1 0.6109375 0.36015625 0.00625 0.03125
3 0.85234375 0.33046875 0.0109375 0.034375
3 0.90703125 0.30234375 0.0140625 0.0421875
3 0.96953125 0.2734375 0.0171875 0.04765625
3 0.31328125 0.26953125 0.0140625 0.05
3 0.27578125 0.22734375 0.0171875 0.06015625
3 0.20546875 0.14765625 0.0234375 0.07890625