6 0.54765625 0.51875 0.0390625 0.03671875
6 0.9328125 0.54453125 0.134375 0.10546875
6 0.65 0.53046875 0.09375 0.0921875
3 0.45078125 0.38828125 0.0046875 0.0234375
3 0.49609375 0.38671875 0.0046875 0.02109375
3 0.5484375 0.38671875 0.003125 0.02109375
3 0.75 0.359375 0.009375 0.02890625
3 0.7828125 0.340625 0.009375 0.034375
3 0.834375 0.31328125 0.0125 0.03671875
3 0.16015625 0.27890625 0.0140625 0.04765625
3 0.06953125 0.21875 0.0203125 0.06328125
6 0.87109375 0.53125 0.1078125 0.084375
6 0.49921875 0.51484375 0.0265625 0.03984375