6 0.496875 0.66171875 0.259375 0.36015625
3 0.5765625 0.465625 0.003125 0.0234375
3 0.2421875 0.4640625 0.00625 0.02109375
3 0.50234375 0.3921875 0.0046875 0.0234375
3 0.45703125 0.39296875 0.0046875 0.0234375
3 0.41875 0.3921875 0.0046875 0.0234375
3 0.71953125 0.3984375 0.0171875 0.065625
3 0.1921875 0.3671875 0.009375 0.02890625
3 0.15390625 0.35 0.0109375 0.03125
3 0.6171875 0.334375 0.009375 0.03671875
3 0.1140625 0.334375 0.0125 0.03671875
3 0.63203125 0.31171875 0.0109375 0.03984375
3 0.65703125 0.27890625 0.0140625 0.04765625