6 0.503125 0.66171875 0.259375 0.36015625
3 0.42421875 0.46484375 0.003125 0.0234375
3 0.759375 0.46328125 0.00625 0.02109375
3 0.4984375 0.39140625 0.0046875 0.0234375
3 0.54375 0.3921875 0.0046875 0.0234375
3 0.58203125 0.390625 0.0046875 0.0234375
3 0.28046875 0.3984375 0.0171875 0.065625
3 0.8078125 0.3671875 0.009375 0.02890625
3 0.84609375 0.35 0.0109375 0.03125
3 0.3828125 0.334375 0.009375 0.03671875
3 0.8859375 0.334375 0.0125 0.03671875
3 0.36796875 0.31171875 0.0109375 0.03984375
3 0.34296875 0.27890625 0.0140625 0.04765625