0 0.74609375 0.6234375 0.0671875 0.2
6 0.2046875 0.5265625 0.075 0.03671875
6 0.975 0.5265625 0.05 0.04765625
6 0.33515625 0.52265625 0.0671875 0.04453125
6 0.50078125 0.53671875 0.0578125 0.11015625
3 0.4921875 0.40625 0.003125 0.01875
3 0.52890625 0.40625 0.0046875 0.01875
4 0.571875 0.40625 0.003125 0.01875
3 0.84921875 0.3921875 0.0078125 0.02109375
4 0.3875 0.38125 0.00625 0.02109375
3 0.88203125 0.3828125 0.0078125 0.0234375
3 0.36796875 0.36875 0.0078125 0.0265625
3 0.9296875 0.36875 0.009375 0.0265625
3 0.34765625 0.35234375 0.0078125 0.03125