6 0.54609375 0.51953125 0.0421875 0.03984375
6 0.93515625 0.54609375 0.1296875 0.10234375
3 0.44921875 0.3890625 0.0046875 0.0234375
3 0.49453125 0.3890625 0.0046875 0.02109375
3 0.54765625 0.3875 0.003125 0.02109375
3 0.75 0.359375 0.009375 0.02890625
3 0.78203125 0.3421875 0.009375 0.034375
3 0.834375 0.31328125 0.0125 0.03671875
3 0.16015625 0.27890625 0.0140625 0.04765625
3 0.06953125 0.21875 0.0203125 0.06328125
6 0.81953125 0.5234375 0.1203125 0.08984375
6 0.50078125 0.51171875 0.0203125 0.0234375