6 0.45234375 0.51875 0.0390625 0.03671875
6 0.0671875 0.54453125 0.134375 0.10546875
6 0.35 0.53046875 0.09375 0.0921875
3 0.54921875 0.38828125 0.0046875 0.0234375
3 0.50390625 0.38671875 0.0046875 0.02109375
3 0.4515625 0.38671875 0.003125 0.02109375
3 0.25 0.359375 0.009375 0.02890625
3 0.2171875 0.340625 0.009375 0.034375
3 0.165625 0.31328125 0.0125 0.03671875
3 0.83984375 0.27890625 0.0140625 0.04765625
3 0.93046875 0.21875 0.0203125 0.06328125
6 0.12890625 0.53125 0.1078125 0.084375
6 0.50078125 0.51484375 0.0265625 0.03984375