6 0.496875 0.60625 0.178125 0.26015625
6 0.0265625 0.515625 0.053125 0.084375
3 0.25234375 0.45546875 0.0078125 0.02109375
3 0.6921875 0.40234375 0.015625 0.0578125
3 0.5015625 0.3859375 0.0046875 0.0234375
3 0.4578125 0.38515625 0.0046875 0.0234375
3 0.42109375 0.38515625 0.0046875 0.0234375
3 0.20859375 0.36328125 0.0078125 0.0265625
3 0.175 0.3484375 0.009375 0.02890625
3 0.60859375 0.334375 0.0078125 0.03125
3 0.13984375 0.334375 0.0109375 0.03125
3 0.621875 0.315625 0.009375 0.03671875
3 0.6421875 0.28671875 0.0125 0.0421875
3 0.57265625 0.45546875 0.0078125 0.02109375