6 0.20859375 0.66953125 0.1796875 0.2234375
6 0.31875 0.5328125 0.046875 0.04453125
6 0.58203125 0.5921875 0.1703125 0.18984375
1 0.5796875 0.46875 0.0046875 0.0234375
3 0.19375 0.465625 0.009375 0.0265625
1 0.496875 0.38515625 0.0046875 0.0234375
1 0.44453125 0.384375 0.0046875 0.0234375
1 0.40078125 0.38515625 0.0046875 0.0234375
3 0.12734375 0.3484375 0.0109375 0.034375
3 0.86015625 0.359375 0.0296875 0.10234375
3 0.07109375 0.3234375 0.0140625 0.03671875
3 0.64765625 0.3078125 0.0109375 0.0421875
3 0.009375 0.29609375 0.015625 0.04453125
3 0.67265625 0.275 0.0140625 0.05
3 0.71796875 0.22109375 0.0171875 0.06328125