6 0.1390625 0.70390625 0.25 0.28671875
6 0.49296875 0.67109375 0.2734375 0.37890625
3 0.5671875 0.465625 0.0046875 0.0234375
3 0.22578125 0.4625 0.00625 0.0234375
3 0.49375 0.390625 0.003125 0.02109375
3 0.44765625 0.38984375 0.0046875 0.0234375
3 0.40859375 0.390625 0.0046875 0.0234375
1 0.73984375 0.3984375 0.0171875 0.065625
3 0.1734375 0.36171875 0.009375 0.02890625
3 0.13203125 0.34375 0.0109375 0.034375
1 0.62109375 0.33359375 0.009375 0.034375
3 0.0890625 0.3234375 0.0125 0.03671875
1 0.63828125 0.31171875 0.0109375 0.03984375
1 0.66640625 0.2765625 0.0140625 0.04765625