6 0.45390625 0.51953125 0.0421875 0.03984375
6 0.06484375 0.54609375 0.1296875 0.10234375
3 0.55078125 0.3890625 0.0046875 0.0234375
3 0.50546875 0.3890625 0.0046875 0.02109375
3 0.45234375 0.3875 0.003125 0.02109375
3 0.25 0.359375 0.009375 0.02890625
3 0.21796875 0.3421875 0.009375 0.034375
3 0.165625 0.31328125 0.0125 0.03671875
3 0.83984375 0.27890625 0.0140625 0.04765625
3 0.93046875 0.21875 0.0203125 0.06328125
6 0.18046875 0.5234375 0.1203125 0.08984375
6 0.49921875 0.51171875 0.0203125 0.0234375