6 0.496875 0.66171875 0.259375 0.36015625
6 0.965625 0.51875 0.065625 0.11015625
3 0.57578125 0.46484375 0.003125 0.0234375
3 0.240625 0.46328125 0.00625 0.02109375
3 0.50234375 0.39140625 0.0046875 0.0234375
3 0.45625 0.390625 0.0046875 0.0234375
3 0.41796875 0.39140625 0.0046875 0.0234375
7 0.71953125 0.3984375 0.0171875 0.065625
3 0.1921875 0.3671875 0.009375 0.02890625
3 0.15390625 0.35 0.0109375 0.03125
7 0.6171875 0.334375 0.009375 0.03671875
3 0.1140625 0.334375 0.0125 0.03671875
7 0.63203125 0.31171875 0.0109375 0.03984375
7 0.65703125 0.27890625 0.0140625 0.04765625